# Données aléatoirement générées avec les paramètres suivants : 
# Nb Items : 20 | Nb Trans : 50
# Densité : 0.55 | Proportion Classe + : 0.6
# Proportion Motif Classe + : 0.85
# 0 0 0 0 0 1 0 0 0 0 0 0 0 1 1 0 1 1 0 0
# 5 13 14 16 17
# TP 25 | FP 0 | TN 20 | FN 5
0 1 1 0 1 0 0 0 0 0 1 1 1 0 0 0 1 1 1 1 1 
1 0 0 0 1 0 1 0 1 1 0 1 0 0 1 1 1 1 1 1 0 
1 0 1 1 1 0 0 1 1 1 1 0 1 1 0 0 1 0 0 0 1 
0 0 1 1 1 1 1 0 0 0 1 1 0 1 1 0 1 1 0 1 0 
1 0 1 0 1 1 1 0 1 0 1 0 1 1 1 1 0 1 1 1 1 
1 0 0 1 1 1 1 1 0 1 1 1 1 1 1 1 0 1 1 0 1 
1 0 0 0 0 1 1 1 1 0 1 0 0 1 1 1 0 1 1 0 1 
0 0 0 1 1 0 0 0 1 1 1 1 1 0 1 0 1 0 0 0 1 
0 1 1 1 1 1 0 1 1 0 1 0 1 0 0 0 0 1 0 1 0 
1 1 1 0 0 0 1 1 1 1 1 0 0 1 1 1 1 1 1 0 0 
0 1 1 1 0 0 1 0 1 0 0 0 1 1 1 0 1 0 0 1 1 
0 1 0 0 1 1 0 0 1 0 1 0 0 1 0 1 1 1 0 0 0 
0 0 0 1 0 1 1 1 0 0 1 1 0 0 0 1 1 0 0 0 0 
0 0 0 1 1 1 0 0 0 1 1 1 1 0 0 0 0 1 1 0 0 
1 1 0 1 1 1 1 0 0 0 1 1 0 0 1 1 0 1 1 1 0 
0 1 1 1 1 1 0 0 1 1 0 0 1 0 0 1 1 0 0 1 0 
1 0 1 1 1 0 1 0 1 1 1 1 1 1 1 1 1 1 1 1 0 
0 0 0 0 0 0 0 0 0 0 0 1 0 1 0 0 0 0 0 0 0 
0 0 1 0 1 0 0 1 0 1 0 1 1 1 0 0 1 0 0 1 1 
1 1 0 0 0 1 1 0 1 0 1 1 0 1 1 1 0 1 1 0 1 
1 1 0 1 0 1 1 1 0 1 0 0 1 1 1 1 0 1 1 1 1 
1 1 0 1 0 1 1 0 1 0 1 1 1 1 1 1 1 1 1 0 0 
1 1 1 1 1 0 0 1 1 1 1 1 1 0 0 0 1 0 1 0 0 
1 1 1 1 1 1 1 0 0 0 0 1 0 1 0 0 0 0 0 0 0 
1 0 1 0 1 1 1 0 0 1 1 0 0 1 1 1 0 1 1 0 1 
0 0 1 1 0 0 1 0 0 1 0 1 1 1 0 0 0 0 0 0 1 
1 1 0 1 0 0 1 0 0 0 0 1 0 1 1 1 0 1 1 1 0 
1 0 1 1 0 0 1 0 1 1 1 1 1 0 1 1 0 1 1 0 1 
1 0 0 0 0 0 1 1 1 1 0 1 1 0 1 1 1 1 1 1 1 
1 0 0 1 1 0 1 1 1 1 1 0 1 1 1 1 1 1 1 0 0 
0 0 0 1 0 0 0 1 0 1 1 1 1 1 0 0 0 0 0 1 0 
1 1 0 0 0 1 1 1 1 0 0 1 1 1 1 0 1 1 0 1 0 
1 1 1 0 0 1 1 1 0 0 0 0 0 0 1 1 1 1 1 1 1 
1 1 1 1 1 0 1 1 1 1 0 0 1 1 1 1 1 1 1 0 0 
1 0 1 0 1 1 1 0 1 0 1 1 0 1 1 1 0 1 1 0 0 
1 0 1 0 0 0 1 1 1 1 1 0 1 1 1 1 0 1 1 0 1 
0 1 1 1 0 1 0 0 1 0 0 1 1 1 0 0 0 0 0 1 1 
0 0 1 1 1 1 0 1 1 0 0 0 0 0 0 0 1 0 0 0 1 
0 0 0 0 1 0 1 1 1 0 1 1 0 1 0 0 0 0 0 1 1 
1 1 1 1 1 1 1 0 1 0 1 0 1 0 1 1 0 1 1 1 0 
1 0 0 1 1 1 1 0 0 0 0 1 0 1 1 1 1 1 1 0 0 
1 1 1 0 1 0 1 1 1 0 0 1 1 0 1 1 0 1 1 1 0 
1 1 1 1 0 1 1 0 1 0 1 1 0 1 1 1 1 1 1 1 1 
1 0 1 1 1 1 0 1 1 0 1 1 1 0 1 1 1 1 0 1 1 
1 1 0 1 0 1 1 1 0 1 1 1 0 1 1 1 0 1 1 1 0 
0 0 1 1 0 1 1 0 0 1 1 0 1 0 0 0 1 1 0 1 1 
0 1 1 1 0 0 0 0 0 1 1 1 0 1 0 0 0 0 0 1 1 
0 1 1 0 0 1 1 1 1 0 1 1 1 1 1 0 1 1 0 1 0 
1 1 1 1 1 1 1 0 1 0 0 0 0 0 1 1 0 1 1 0 1 
0 1 0 0 0 1 0 1 1 0 1 1 1 1 0 0 0 0 0 1 1 
